utensil_inside_mount: -0.147, -0.17, 0.07, 0.7071068, -0.7071068, 0, 0
utensil_outside_mount: -0.147, -0.29, 0.07, 0.7071068, -0.7071068, 0, 0
utensil_above_mount: -0.147, -0.17, 0.15, 0.7071068, -0.7071068, 0, 0
above_plate_pos: -2.86495014, -1.61460533, -2.6115943 , -1.37673391,  1.11842806, -1.17904586, -2.6957422
before_transfer_pos: -2.86554642, -1.61951779, -2.60986085, -1.37302839,  1.11779249, -1.18028264,  2.05515862